8227    67.975  102.00  0.00    127.50  0.00
8228    67.975  103.20  0.00    119.47  0.00
8229    67.975  104.40  0.00    82.05   0.00
8230    67.975  105.60  0.00    35.05   0.00
8231    67.975  106.82  0.00    1.93    0.00
8232    67.975  114.67  2.02    0.00    0.00
8233    67.975  128.27  16.88   0.00    0.00
8234    67.975  138.00  42.19   0.00    0.00
8235    67.975  139.50  72.98   0.00    0.00
8236    67.975  134.13  104.05  0.00    0.00
8237    67.975  79.62   129.95  0.00    0.00
8238    67.975  15.91   144.00  0.00    0.00
8239    67.975  0.00    145.50  0.00    0.00
8240    67.975  0.00    147.00  0.00    0.00
8241    67.975  0.00    148.50  0.00    0.00
8242    67.975  0.00    148.50  0.00    0.00
8243    67.975  0.00    137.35  0.00    0.00
8244    67.975  0.00    101.86  0.00    0.00
8245    67.975  0.00    56.78   0.00    6.67
8246    67.975  0.00    17.35   0.00    36.27
8247    67.975  0.00    0.00    0.00    76.90
8248    67.975  0.00    0.00    0.00    114.99
8249    67.975  0.00    0.00    0.00    137.55
8250    67.975  0.00    0.00    0.00    136.50
8251    67.975  0.00    0.00    0.00    135.00
8252    67.975  0.00    0.00    0.00    133.50
8253    67.975  0.00    0.00    0.00    132.00
8254    67.975  0.00    0.00    0.00    121.90
8255    67.975  0.00    0.00    3.41    92.61
8256    67.975  0.00    0.00    20.68   55.25
8257    67.975  0.00    0.00    46.86   20.94
8258    67.975  0.00    0.00    75.76   0.31
8259    67.975  0.00    0.00    101.49  0.00
8260    67.975  0.00    0.00    118.43  0.00
8261    67.975  0.00    0.00    120.00  0.00
8262    67.975  0.00    0.00    118.50  0.00
8263    67.975  0.00    0.00    109.32  0.00
8264    67.975  0.83    0.00    86.46   0.00
8265    67.975  8.77    0.00    57.17   0.00
8266    67.975  22.96   0.00    28.38   0.00
8267    67.975  40.86   0.00    6.71    0.00
8268    67.975  60.02   0.00    0.00    0.00
8269    67.975  78.14   0.00    0.00    0.00
8270    67.975  93.03   0.00    0.00    0.00
8271    67.975  102.64  0.00    0.00    0.00
8272    67.975  103.50  0.00    0.00    0.00
8273    67.975  102.00  0.00    0.00    0.00
8274    67.975  100.50  0.00    0.00    0.00
8275    67.975  99.00   0.00    0.00    0.00
8276    67.975  95.35   0.00    0.00    0.00
8277    67.975  74.60   0.00    0.00    0.00
8278    67.975  43.95   0.00    0.00    0.00
8279    67.975  15.19   0.00    0.00    0.00
