# species: Megaselia abdita
# mRNA expression data from the gap genes hunchback (hb), Kruppel (Kr),
# giant (gt) and knirps (kni).
#
# Data format in this file:
# lineage = 2^mitotic cycle + nucleus position, with the mitotic cycle ranging
#           from C10 to C14, and nucleus position from 30 to 91 (depending on
#           the number of mitotic cycles). As a small example: in cycle C11, 
#           nucleus 8 has the lineage number 1032.
#
# time    = time starting at C12, in minutes
# 
# hb, Kr, gt, kni = expression levels per gene
#
# lineage   time    hb  Kr  gt  kni
2055	8.000	58.809		0.000		33.323		0.000	
2056	8.000	61.768		0.485		20.533		0.000	
2057	8.000	64.726		9.106		1.939		0.000	
2058	8.000	67.685		25.960		0.000		0.000	
2059	8.000	66.119		39.315		0.000		0.000	
2060	8.000	45.277		41.908		0.000		0.000	
2061	8.000	15.883		40.631		0.000		0.000	
2062	8.000	0.622		37.518		0.000		4.467	
2063	8.000	0.000		24.731		0.000		21.127	
2064	8.000	0.000		8.370		0.000		33.917	
2065	8.000	0.000		0.272		0.745		33.824	
2066	8.000	0.000		0.000		15.481		31.755	
2067	8.000	0.000		0.000		29.626		16.899	
2068	8.000	0.000		0.000		28.718		0.820	
2069	8.000	0.004		0.000		27.017		0.000	
2070	8.000	8.296		0.000		25.315		0.000	


4111	28.750	109.497		0.000		85.888		0.000	
4112	28.750	112.218		0.000		78.832		0.000	
4113	28.750	114.938		0.098		49.584		0.000	
4114	28.750	117.659		6.345		15.664		0.000	
4115	28.750	120.379		23.804		0.000		0.000	
4116	28.750	123.100		48.000		0.000		0.000	
4117	28.750	124.676		73.477		0.000		0.000	
4118	28.750	116.576		94.272		0.000		0.000	
4119	28.750	98.052		102.959		0.000		0.000	
4120	28.750	73.014		105.092		0.000		0.000	
4121	28.750	44.897		105.092		0.000		0.000	
4122	28.750	19.702		102.959		0.000		0.000	
4123	28.750	3.121		100.825		0.000		0.681	
4124	28.750	0.000		98.691		0.000		14.628	
4125	28.750	0.000		94.532		0.000		43.279	
4126	28.750	0.000		81.125		0.000		72.931	
4127	28.750	0.000		60.998		0.000		90.235	
4128	28.750	0.000		38.735		0.000		90.155	
4129	28.750	0.000		18.532		0.000		88.022	
4130	28.750	0.000		4.199		2.980		85.888	
4131	28.750	0.000		0.000		19.236		81.410	
4132	28.750	0.000		0.000		42.859		66.063	
4133	28.750	0.000		0.000		64.738		43.872	
4134	28.750	0.000		0.000		76.170		21.497	
4135	28.750	0.000		0.000		75.218		4.929	
4136	28.750	0.000		0.000		73.085		0.000	
4137	28.750	0.000		0.000		70.951		0.000	
4138	28.750	0.463		0.000		68.817		0.000	
4139	28.750	9.153		0.000		63.384		0.000	
4140	28.750	26.756		0.000		38.614		0.000	
4141	28.750	45.285		0.000		9.850		0.000	


8222	45.073	143.882		0.000		124.925		0.000	
8223	45.073	145.680		0.000		109.816		0.000	
8224	45.073	147.479		0.000		86.244		0.000	
8225	45.073	149.277		0.000		58.598		0.000	
8226	45.073	151.076		0.000		31.494		0.000	
8227	45.073	152.874		0.109		9.774		0.000	
8228	45.073	154.673		4.101		0.000		0.000	
8229	45.073	156.471		13.200		0.000		0.000	
8230	45.073	158.270		26.486		0.000		0.000	
8231	45.073	160.068		42.991		0.000		0.000	
8232	45.073	161.779		61.696		0.000		0.000	
8233	45.073	158.764		81.532		0.000		0.000	
8234	45.073	149.252		101.382		0.000		0.000	
8235	45.073	134.488		120.078		0.000		0.000	
8236	45.073	115.779		136.403		0.000		0.000	
8237	45.073	94.496		149.090		0.000		0.000	
8238	45.073	72.070		155.291		0.000		0.000	
8239	45.073	49.997		156.908		0.000		0.000	
8240	45.073	29.835		158.526		0.000		0.000	
8241	45.073	13.202		160.144		0.000		0.000	
8242	45.073	1.765		160.144		0.000		0.000	
8243	45.073	0.000		158.526		0.000		0.000	
8244	45.073	0.000		156.908		0.000		0.000	
8245	45.073	0.000		155.291		0.000		0.000	
8246	45.073	0.000		153.673		0.000		2.080	
8247	45.073	0.000		152.056		0.000		13.991	
8248	45.073	0.000		147.962		0.000		33.592	
8249	45.073	0.000		139.404		0.000		57.690	
8250	45.073	0.000		127.335		0.000		83.219	
8251	45.073	0.000		112.673		0.000		107.240	
8252	45.073	0.000		96.302		0.000		126.942	
8253	45.073	0.000		79.069		0.000		139.643	
8254	45.073	0.000		61.786		0.000		140.732	
8255	45.073	0.000		45.231		0.000		139.115	
8256	45.073	0.000		30.145		0.000		137.497	
8257	45.073	0.000		17.233		0.000		135.879	
8258	45.073	0.000		7.166		1.335		134.262	
8259	45.073	0.000		0.579		10.147		130.026	
8260	45.073	0.000		0.000		25.142		119.967	
8261	45.073	0.000		0.000		43.989		105.577	
8262	45.073	0.000		0.000		64.462		88.340	
8263	45.073	0.000		0.000		84.438		69.672	
8264	45.073	0.000		0.000		101.902		50.922	
8265	45.073	0.000		0.000		114.941		33.375	
8266	45.073	0.000		0.000		121.321		18.247	
8267	45.073	0.000		0.000		119.703		6.689	
8268	45.073	0.000		0.000		118.086		0.000	
8269	45.073	0.000		0.000		116.468		0.000	
8270	45.073	0.000		0.000		114.851		0.000	
8271	45.073	0.000		0.000		113.233		0.000	
8272	45.073	0.000		0.000		111.615		0.000	
8273	45.073	0.000		0.000		109.998		0.000	
8274	45.073	2.144		0.000		108.380		0.000	
8275	45.073	8.911		0.000		105.540		0.000	
8276	45.073	19.080		0.000		95.115		0.000	
8277	45.073	31.462		0.000		78.672		0.000	
8278	45.073	44.930		0.000		59.032		0.000	
8279	45.073	58.420		0.000		38.855		0.000	
8280	45.073	70.935		0.000		20.640		0.000	
8281	45.073	81.538		0.000		6.728		0.000	
8282	45.073	89.359		0.000		0.000		0.000	


8222	52.219	155.319		0.000		145.493		0.000	
8223	52.219	157.260		0.000		147.265		0.000	
8224	52.219	159.202		0.000		140.125		0.000	
8225	52.219	161.143		0.000		120.437		0.000	
8226	52.219	163.085		0.000		92.656		0.000	
8227	52.219	165.026		1.806		61.470		0.000	
8228	52.219	166.968		9.157		31.804		0.000	
8229	52.219	168.909		21.339		8.812		0.000	
8230	52.219	170.851		37.412		0.000		0.000	
8231	52.219	172.792		56.387		0.000		0.000	
8232	52.219	174.578		77.223		0.000		0.000	
8233	52.219	168.650		98.831		0.000		0.000	
8234	52.219	152.659		120.069		0.000		0.000	
8235	52.219	129.251		139.749		0.000		0.000	
8236	52.219	101.198		156.629		0.000		0.000	
8237	52.219	71.401		169.420		0.000		0.000	
8238	52.219	42.887		174.592		0.000		0.000	
8239	52.219	18.812		176.410		0.000		0.000	
8240	52.219	2.459		178.229		0.000		0.000	
8241	52.219	0.000		180.048		0.000		0.000	
8242	52.219	0.000		180.048		0.000		0.000	
8243	52.219	0.000		178.229		0.000		0.000	
8244	52.219	0.000		176.410		0.000		0.397	
8245	52.219	0.000		174.592		0.000		8.215	
8246	52.219	0.000		172.773		0.000		24.068	
8247	52.219	0.000		170.626		0.000		45.447	
8248	52.219	0.000		163.911		0.000		69.937	
8249	52.219	0.000		152.260		0.000		95.222	
8250	52.219	0.000		136.836		0.000		119.077	
8251	52.219	0.000		118.755		0.000		139.378	
8252	52.219	0.000		99.090		0.000		154.092	
8253	52.219	0.000		78.872		0.000		160.042	
8254	52.219	0.000		59.087		0.000		158.224	
8255	52.219	0.000		40.676		0.000		156.405	
8256	52.219	0.000		24.538		0.000		154.586	
8257	52.219	0.000		11.527		0.000		152.768	
8258	52.219	0.000		2.455		0.000		150.949	
8259	52.219	0.000		0.000		0.962		148.706	
8260	52.219	0.000		0.000		10.440		140.254	
8261	52.219	0.000		0.000		27.581		125.379	
8262	52.219	0.000		0.000		49.444		106.099	
8263	52.219	0.000		0.000		73.224		84.343	
8264	52.219	0.000		0.000		96.248		61.952	
8265	52.219	0.000		0.000		115.979		40.676	
8266	52.219	0.000		0.000		130.011		22.173	
8267	52.219	0.000		0.000		134.581		8.015	
8268	52.219	0.000		0.000		132.762		0.000	
8269	52.219	0.000		0.000		130.944		0.000	
8270	52.219	0.000		0.000		129.125		0.000	
8271	52.219	0.027		0.000		127.306		0.000	
8272	52.219	3.624		0.000		125.488		0.000	
8273	52.219	12.261		0.000		123.669		0.000	
8274	52.219	24.538		0.000		121.851		0.000	
8275	52.219	39.121		0.000		117.997		0.000	
8276	52.219	54.750		0.000		105.286		0.000	
8277	52.219	70.233		0.000		86.109		0.000	
8278	52.219	84.449		0.000		63.665		0.000	
8279	52.219	96.345		0.000		40.967		0.000	
8280	52.219	104.942		0.000		20.846		0.000	
8281	52.219	109.120		0.000		5.951		0.000	
8282	52.219	107.301		0.000		0.000		0.000	


8222	59.365	163.189		0.000		157.846		0.000	
8223	59.365	165.229		0.000		156.172		0.000	
8224	59.365	167.268		0.000		138.603		0.000	
8225	59.365	169.308		0.000		109.180		0.000	
8226	59.365	171.348		0.000		73.919		0.000	
8227	59.365	173.388		2.850		39.143		0.000	
8228	59.365	175.428		15.415		11.479		0.000	
8229	59.365	177.468		35.932		0.000		0.000	
8230	59.365	179.508		62.019		0.000		0.000	
8231	59.365	181.522		91.172		0.000		0.000	
8232	59.365	175.785		120.770		0.000		0.000	
8233	59.365	158.315		148.071		0.000		0.000	
8234	59.365	132.347		170.209		0.000		0.000	
8235	59.365	101.271		183.496		0.000		0.000	
8236	59.365	68.637		185.469		0.000		0.000	
8237	59.365	38.149		187.442		0.000		0.000	
8238	59.365	13.672		189.415		0.000		0.000	
8239	59.365	0.000		191.388		0.000		0.000	
8240	59.365	0.000		193.361		0.000		0.000	
8241	59.365	0.000		195.335		0.000		0.000	
8242	59.365	0.000		195.335		0.000		0.000	
8243	59.365	0.000		193.361		0.000		0.000	
8244	59.365	0.000		191.388		0.000		0.000	
8245	59.365	0.000		189.366		0.000		0.000	
8246	59.365	0.000		182.093		0.000		0.045	
8247	59.365	0.000		167.467		0.000		9.312	
8248	59.365	0.000		147.406		0.000		31.283	
8249	59.365	0.000		123.756		0.000		61.151	
8250	59.365	0.000		98.291		0.000		94.300	
8251	59.365	0.000		72.710		0.000		126.307	
8252	59.365	0.000		48.643		0.000		152.937	
8253	59.365	0.000		27.647		0.000		170.147	
8254	59.365	0.000		11.206		0.000		171.658	
8255	59.365	0.000		0.732		0.000		169.685	
8256	59.365	0.000		0.000		0.000		167.711	
8257	59.365	0.000		0.000		0.000		165.738	
8258	59.365	0.000		0.000		0.000		163.765	
8259	59.365	0.000		0.000		2.934		159.262	
8260	59.365	0.000		0.000		19.210		143.198	
8261	59.365	0.000		0.000		45.130		118.437	
8262	59.365	0.000		0.000		75.611		89.017	
8263	59.365	0.000		0.000		105.810		58.791	
8264	59.365	0.000		0.000		131.121		31.425	
8265	59.365	0.000		0.000		147.175		10.394	
8266	59.365	0.000		0.000		147.981		0.000	
8267	59.365	0.000		0.000		146.008		0.000	
8268	59.365	0.606		0.000		144.035		0.000	
8269	59.365	11.438		0.000		142.061		0.000	
8270	59.365	32.176		0.000		140.088		0.000	
8271	59.365	58.229		0.000		138.115		0.000	
8272	59.365	85.241		0.000		136.142		0.000	
8273	59.365	109.095		0.000		134.169		0.000	
8274	59.365	125.913		0.000		132.191		0.000	
8275	59.365	130.223		0.000		124.555		0.000	
8276	59.365	128.250		0.000		108.490		0.000	
8277	59.365	126.277		0.000		87.128		0.000	
8278	59.365	124.304		0.000		63.431		0.000	
8279	59.365	122.331		0.000		40.189		0.000	
8280	59.365	120.358		0.000		20.021		0.000	
8281	59.365	118.385		0.000		5.376		0.000	
8282	59.365	116.411		0.000		0.000		0.000	


8222	66.511	166.662		0.000		165.221		0.000	
8223	66.511	168.745		0.000		167.286		0.000	
8224	66.511	170.828		0.000		162.427		0.000	
8225	66.511	172.911		0.000		144.130		0.000	
8226	66.511	174.995		0.000		116.480		0.000	
8227	66.511	177.078		1.424		83.824		0.000	
8228	66.511	179.161		12.702		50.729		0.000	
8229	66.511	181.244		33.144		21.978		0.000	
8230	66.511	183.328		60.129		2.577		0.000	
8231	66.511	182.168		90.906		0.000		0.000	
8232	66.511	168.199		122.589		0.000		0.000	
8233	66.511	143.904		152.160		0.000		0.000	
8234	66.511	112.930		176.466		0.000		0.000	
8235	66.511	79.101		192.069		0.000		0.000	
8236	66.511	46.411		194.134		0.000		0.000	
8237	66.511	19.027		196.200		0.000		0.000	
8238	66.511	1.290		198.265		0.000		0.000	
8239	66.511	0.000		200.330		0.000		0.000	
8240	66.511	0.000		202.395		0.000		0.000	
8241	66.511	0.000		204.461		0.000		0.000	
8242	66.511	0.000		204.461		0.000		0.000	
8243	66.511	0.000		202.395		0.000		0.000	
8244	66.511	0.000		200.330		0.000		0.370	
8245	66.511	0.000		198.265		0.000		10.721	
8246	66.511	0.000		194.476		0.000		32.256	
8247	66.511	0.000		181.009		0.000		61.007	
8248	66.511	0.000		159.318		0.000		93.163	
8249	66.511	0.000		132.192		0.000		125.064	
8250	66.511	0.000		102.307		0.000		153.203	
8251	66.511	0.000		72.233		0.000		174.229	
8252	66.511	0.000		44.428		0.000		183.808	
8253	66.511	0.000		21.244		0.000		181.743	
8254	66.511	0.000		4.919		0.000		179.678	
8255	66.511	0.000		0.000		0.000		177.612	
8256	66.511	0.000		0.000		0.000		175.107	
8257	66.511	0.000		0.000		0.052		163.681	
8258	66.511	0.000		0.000		9.148		142.756	
8259	66.511	0.000		0.000		30.416		115.758	
8260	66.511	0.000		0.000		59.028		85.966	
8261	66.511	0.000		0.000		90.373		56.508	
8262	66.511	0.000		0.000		120.056		30.360	
8263	66.511	0.000		0.000		143.896		10.351	
8264	66.511	0.000		0.000		157.931		0.000	
8265	66.511	0.000		0.000		156.960		0.000	
8266	66.511	0.000		0.000		154.894		0.000	
8267	66.511	0.000		0.000		152.829		0.000	
8268	66.511	7.418		0.000		150.764		0.000	
8269	66.511	26.472		0.000		148.699		0.000	
8270	66.511	52.419		0.000		146.633		0.000	
8271	66.511	80.757		0.000		144.568		0.000	
8272	66.511	107.222		0.000		142.503		0.000	
8273	66.511	127.790		0.000		138.437		0.000	
8274	66.511	138.372		0.000		123.805		0.000	
8275	66.511	136.307		0.000		101.167		0.000	
8276	66.511	134.242		0.000		74.470		0.000	
8277	66.511	132.177		0.000		47.440		0.000	
8278	66.511	130.111		0.000		23.583		0.000	
8279	66.511	128.046		0.000		6.188		0.000	
8280	66.511	125.981		0.000		0.000		0.000	
8281	66.511	123.916		0.000		0.000		0.000	
8282	66.511	121.850		0.000		0.000		0.000	


8222	73.656	164.909		0.000		162.723		0.000	
8223	73.656	166.970		0.000		134.869		0.000	
8224	73.656	169.031		0.000		88.925		0.000	
8225	73.656	171.093		0.000		40.276		0.000	
8226	73.656	173.154		0.000		5.078		0.000	
8227	73.656	175.216		4.474		0.000		0.000	
8228	73.656	177.277		20.017		0.000		0.000	
8229	73.656	179.338		44.075		0.000		0.000	
8230	73.656	181.400		73.774		0.000		0.000	
8231	73.656	183.461		106.096		0.000		0.000	
8232	73.656	175.106		137.879		0.000		0.000	
8233	73.656	147.498		165.819		0.000		0.000	
8234	73.656	108.207		186.468		0.000		0.000	
8235	73.656	65.221		193.406		0.000		0.000	
8236	73.656	26.886		195.485		0.000		0.000	
8237	73.656	1.906		197.565		0.000		0.000	
8238	73.656	0.000		199.645		0.000		0.000	
8239	73.656	0.000		201.724		0.000		0.000	
8240	73.656	0.000		203.804		0.000		0.000	
8241	73.656	0.000		205.884		0.000		0.000	
8242	73.656	0.000		205.884		0.000		0.000	
8243	73.656	0.000		203.292		0.000		1.180	
8244	73.656	0.000		189.767		0.000		13.707	
8245	73.656	0.000		164.540		0.000		36.724	
8246	73.656	0.000		131.930		0.000		66.359	
8247	73.656	0.000		96.089		0.000		98.891	
8248	73.656	0.000		61.005		0.000		130.746	
8249	73.656	0.000		30.496		0.000		158.500	
8250	73.656	0.000		8.218		0.000		178.878	
8251	73.656	0.000		0.000		0.000		187.167	
8252	73.656	0.000		0.000		0.000		185.087	
8253	73.656	0.000		0.000		0.000		183.008	
8254	73.656	0.000		0.000		0.000		180.928	
8255	73.656	0.000		0.000		2.208		178.812	
8256	73.656	0.000		0.000		31.203		166.861	
8257	73.656	0.000		0.000		79.537		141.409	
8258	73.656	0.000		0.000		129.602		108.049	
8259	73.656	0.000		0.000		164.604		72.131	
8260	73.656	0.000		0.000		168.450		38.758	
8261	73.656	0.000		0.000		166.371		12.784	
8262	73.656	0.000		0.000		164.291		0.000	
8263	73.656	0.000		0.000		162.211		0.000	
8264	73.656	0.000		0.000		160.132		0.000	
8265	73.656	0.000		0.000		158.052		0.000	
8266	73.656	0.000		0.000		155.972		0.000	
8267	73.656	0.000		0.000		153.879		0.000	
8268	73.656	2.093		0.000		144.118		0.000	
8269	73.656	15.791		0.000		123.338		0.000	
8270	73.656	38.373		0.000		95.953		0.000	
8271	73.656	65.458		0.000		66.153		0.000	
8272	73.656	92.894		0.000		37.907		0.000	
8273	73.656	116.757		0.000		14.959		0.000	
8274	73.656	133.351		0.000		0.835		0.000	
8275	73.656	137.256		0.000		0.000		0.000	
8276	73.656	135.176		0.000		0.000		0.000	
8277	73.656	133.096		0.000		0.000		0.000	
8278	73.656	131.017		0.000		0.000		0.000	
8279	73.656	128.937		0.000		0.000		0.000	
8280	73.656	126.858		0.000		0.000		0.000	
8281	73.656	124.778		0.000		0.000		0.000	
8282	73.656	122.698		0.000		0.000		0.000	


8222	80.802	157.101		0.000		160.049		0.000	
8223	80.802	159.064		0.000		161.998		0.000	
8224	80.802	161.028		0.000		148.310		0.000	
8225	80.802	162.992		0.000		113.997		0.000	
8226	80.802	164.956		0.000		70.200		0.000	
8227	80.802	166.919		1.311		28.628		0.000	
8228	80.802	168.883		18.613		1.553		0.000	
8229	80.802	170.847		50.776		0.000		0.000	
8230	80.802	172.811		90.847		0.000		0.000	
8231	80.802	174.774		131.535		0.000		0.000	
8232	80.802	161.224		165.206		0.000		0.000	
8233	80.802	124.022		182.055		0.000		0.000	
8234	80.802	75.940		184.056		0.000		0.000	
8235	80.802	30.340		186.057		0.000		0.000	
8236	80.802	1.174		188.057		0.000		0.000	
8237	80.802	0.000		190.058		0.000		0.000	
8238	80.802	0.000		192.058		0.000		0.000	
8239	80.802	0.000		194.059		0.000		0.000	
8240	80.802	0.000		196.060		0.000		0.000	
8241	80.802	0.000		196.735		0.000		0.000	
8242	80.802	0.000		174.896		0.000		0.000	
8243	80.802	0.000		133.023		0.000		1.961	
8244	80.802	0.000		84.060		0.000		17.966	
8245	80.802	0.000		38.535		0.000		45.639	
8246	80.802	0.000		6.546		0.000		79.763	
8247	80.802	0.000		0.000		0.000		115.326	
8248	80.802	0.000		0.000		0.000		147.521	
8249	80.802	0.000		0.000		0.000		171.744	
8250	80.802	0.000		0.000		0.000		182.055	
8251	80.802	0.000		0.000		0.000		180.055	
8252	80.802	0.000		0.000		0.000		178.054	
8253	80.802	0.000		0.000		0.000		176.054	
8254	80.802	0.000		0.000		4.613		174.053	
8255	80.802	0.000		0.000		26.918		168.232	
8256	80.802	0.000		0.000		60.704		148.991	
8257	80.802	0.000		0.000		98.404		120.385	
8258	80.802	0.000		0.000		132.791		87.222	
8259	80.802	0.000		0.000		156.981		54.097	
8260	80.802	0.000		0.000		162.049		25.389	
8261	80.802	0.000		0.000		160.049		5.261	
8262	80.802	0.000		0.000		158.048		0.000	
8263	80.802	0.000		0.000		156.047		0.000	
8264	80.802	0.000		0.000		154.047		0.000	
8265	80.802	1.410		0.000		141.358		0.000	
8266	80.802	14.324		0.000		112.175		0.000	
8267	80.802	36.824		0.000		75.195		0.000	
8268	80.802	64.305		0.000		38.690		0.000	
8269	80.802	92.395		0.000		10.495		0.000	
8270	80.802	116.950		0.000		0.000		0.000	
8271	80.802	134.056		0.000		0.000		0.000	
8272	80.802	138.042		0.000		0.000		0.000	
8273	80.802	136.041		0.000		0.000		0.000	
8274	80.802	134.041		0.000		0.000		0.000	
8275	80.802	132.040		0.000		0.000		0.000	
8276	80.802	129.637		0.000		0.000		0.000	
8277	80.802	120.747		0.000		0.000		0.000	
8278	80.802	106.961		0.000		0.000		0.000	
8279	80.802	92.823		0.000		0.000		0.000	
8280	80.802	82.594		0.000		0.000		0.000	
8281	80.802	80.064		0.000		0.000		0.000	
8282	80.802	78.730		0.000		0.000		0.000	


8222	87.948	142.407		0.000		145.008		0.000	
8223	87.948	144.188		0.000		132.561		0.000	
8224	87.948	145.968		0.000		99.019		0.000	
8225	87.948	147.748		0.000		56.722		0.000	
8226	87.948	149.528		0.456		18.643		0.000	
8227	87.948	151.308		11.158		0.000		0.000	
8228	87.948	153.088		33.195		0.000		0.000	
8229	87.948	154.868		62.567		0.000		0.000	
8230	87.948	156.648		95.072		0.000		0.000	
8231	87.948	155.901		126.306		0.000		0.000	
8232	87.948	138.626		151.663		0.000		0.000	
8233	87.948	108.187		164.946		0.000		0.000	
8234	87.948	71.481		166.759		0.000		0.000	
8235	87.948	35.722		168.571		0.000		0.000	
8236	87.948	8.445		170.384		0.000		0.000	
8237	87.948	0.000		172.196		0.000		0.000	
8238	87.948	0.000		174.009		0.000		0.000	
8239	87.948	0.000		175.822		0.000		0.000	
8240	87.948	0.000		177.634		0.000		0.000	
8241	87.948	0.000		175.442		0.000		0.000	
8242	87.948	0.000		151.090		0.000		0.072	
8243	87.948	0.000		111.366		0.000		10.453	
8244	87.948	0.000		67.455		0.000		34.382	
8245	87.948	0.000		28.397		0.000		66.241	
8246	87.948	0.000		2.865		0.000		100.632	
8247	87.948	0.000		0.000		0.000		132.371	
8248	87.948	0.000		0.000		0.000		156.489	
8249	87.948	0.000		0.000		0.000		166.759	
8250	87.948	0.000		0.000		0.000		164.946	
8251	87.948	0.000		0.000		0.000		163.133	
8252	87.948	0.000		0.000		0.000		161.321	
8253	87.948	0.000		0.000		0.000		159.508	
8254	87.948	0.000		0.000		9.816		151.391	
8255	87.948	0.000		0.000		56.398		128.830	
8256	87.948	0.000		0.000		113.469		97.598	
8257	87.948	0.000		0.000		150.818		63.494	
8258	87.948	0.000		0.000		150.445		32.052	
8259	87.948	0.000		0.000		148.633		8.550	
8260	87.948	0.000		0.000		146.820		0.000	
8261	87.948	0.000		0.000		145.008		0.000	
8262	87.948	0.000		0.000		143.168		0.000	
8263	87.948	0.000		0.000		129.962		0.000	
8264	87.948	0.000		0.000		101.860		0.000	
8265	87.948	0.121		0.000		67.039		0.000	
8266	87.948	11.866		0.000		33.277		0.000	
8267	87.948	37.232		0.000		7.952		0.000	
8268	87.948	68.623		0.000		0.000		0.000	
8269	87.948	98.827		0.000		0.000		0.000	
8270	87.948	121.019		0.000		0.000		0.000	
8271	87.948	126.882		0.000		0.000		0.000	
8272	87.948	125.069		0.000		0.000		0.000	
8273	87.948	123.256		0.000		0.000		0.000	
8274	87.948	121.444		0.000		0.000		0.000	
8275	87.948	119.631		0.000		0.000		0.000	
8276	87.948	117.812		0.000		0.000		0.000	
8277	87.948	102.453		0.000		0.000		0.000	
8278	87.948	72.830		0.000		0.000		0.000	
8279	87.948	45.534		0.000		0.000		0.000	
8280	87.948	36.819		0.000		0.000		0.000	
8281	87.948	36.216		0.000		0.000		0.000	
8282	87.948	35.612		0.000		0.000		0.000	


8222	95.094	120.000		0.000		120.000		0.350	
8223	95.094	121.500		0.000		119.078		0.000	
8224	95.094	123.000		0.000		95.722		0.000	
8225	95.094	124.500		0.000		57.397		0.000	
8226	95.094	126.000		3.466		19.645		0.000	
8227	95.094	127.500		16.291		0.000		0.000	
8228	95.094	129.000		36.091		0.000		0.000	
8229	95.094	130.500		60.096		0.000		0.000	
8230	95.094	132.000		85.402		0.000		0.000	
8231	95.094	133.500		108.962		0.000		0.000	
8232	95.094	133.217		127.595		0.000		0.000	
8233	95.094	115.339		136.500		0.000		0.000	
8234	95.094	83.330		138.000		0.000		0.000	
8235	95.094	46.568		139.500		0.000		0.000	
8236	95.094	14.855		141.000		0.000		0.000	
8237	95.094	0.000		142.500		0.000		0.000	
8238	95.094	0.000		144.000		0.000		0.000	
8239	95.094	0.000		145.500		0.000		0.000	
8240	95.094	0.000		146.885		0.000		0.000	
8241	95.094	0.000		134.981		0.000		0.000	
8242	95.094	0.000		105.381		0.000		0.000	
8243	95.094	0.000		67.551		0.000		0.531	
8244	95.094	0.000		31.566		0.000		15.428	
8245	95.094	0.000		5.786		0.000		44.429	
8246	95.094	0.000		0.000		0.000		79.194	
8247	95.094	0.000		0.000		0.000		111.720	
8248	95.094	0.000		0.000		0.000		134.331	
8249	95.094	0.000		0.000		0.000		138.000	
8250	95.094	0.000		0.000		0.000		136.500	
8251	95.094	0.000		0.000		0.000		135.000	
8252	95.094	0.000		0.000		0.003		133.500	
8253	95.094	0.000		0.000		9.415		131.968	
8254	95.094	0.000		0.000		32.267		118.042	
8255	95.094	0.000		0.000		61.721		88.504	
8256	95.094	0.000		0.000		91.232		53.043	
8257	95.094	0.000		0.000		114.553		20.916	
8258	95.094	0.000		0.000		124.500		0.951	
8259	95.094	0.000		0.000		123.000		0.000	
8260	95.094	0.000		0.000		121.500		0.000	
8261	95.094	0.000		0.000		118.179		0.000	
8262	95.094	1.016		0.000		97.534		0.000	
8263	95.094	15.449		0.000		64.891		0.000	
8264	95.094	40.906		0.000		30.906		0.000	
8265	95.094	69.885		0.000		5.703		0.000	
8266	95.094	95.259		0.000		0.000		0.000	
8267	95.094	110.271		0.000		0.000		0.000	
8268	95.094	109.500		0.000		0.000		0.000	
8269	95.094	108.000		0.000		0.000		0.000	
8270	95.094	106.500		0.000		0.000		0.000	
8271	95.094	105.000		0.000		0.000		0.000	
8272	95.094	103.500		0.000		0.000		0.000	
8273	95.094	102.000		0.000		0.000		0.000	
8274	95.094	96.192		0.000		0.000		0.000	
8275	95.094	78.957		0.000		0.000		0.000	
8276	95.094	55.487		0.000		0.000		0.000	
8277	95.094	31.139		0.000		0.000		0.000	
8278	95.094	10.955		0.000		0.000		0.000	
8279	95.094	0.000		0.000		0.000		0.000	
8280	95.094	0.000		0.000		0.000		0.000	
8281	95.094	0.000		0.000		0.000		0.000	
8282	95.094	0.000		0.000		0.000		0.000	

